1197271006
337367321
1297579801
622611200
-2025178446
1822920767
1584187259
714676620
1117944719
1537860087
806307486
668631751
-1380078346
315299221
546083362
213381385
42857357
-352407822
1979162781
482766484
230411536
332792910
-2074027091
-1746513892
-472235387
-3910030
1840562000
681739144
359631283
-1144404203
-350971278
1013942010
56740308
141349248
-2136849209
-1909175284
1377761161
-1908397708
1391517147
-781743267
-1814954995
1403855947
1306126694
-1481618357
946248621
2056851548
-1198039836
-190798591
2017513335
-1258414428
-671583643
-1760692557
195266097
636928673
378557601
1845111336
269353100
54832257
-518326193
-63590280
-308921191
541770108
474330806
-1575334889
-2084952964
419673725
-976323197
742057489
1988654174
2146775303
-20600867
-790301802
1839041448
-944139690
-991177546
-652988487
897555821
-1917267772
-152678812
1413590388
1823011879
38470510
-1483090065
-712800785
524696741
-519732201
430239916
1409459969
177867844
1553845067
703589514
-1524595210
1112938077
-1965331769
953836459
1811856019
1649263869
-523974120
1509088950
-726219178
